1 -> 'id' 
2 -> ';' 
3 -> 'int' 
4 -> 'float' 
5 -> 'if' 
6 -> '(' 
7 -> ')' 
8 -> '{' 
9 -> '}' 
10 -> 'else' 
11 -> 'while' 
12 -> 'assign' 
13 -> 'relop' 
14 -> 'addop' 
15 -> 'mulop' 
16 -> 'num' 
17 -> '+' 
18 -> '-' 
19 -> '$' 

METHOD_BODY  :  0    -1    0    0    0    -1    -1    -1    -1    -1    0    -1    -1    -1    -1    -1    -1    -1    -2  
*************************************************
STATEMENT_LIST  :  0    -1    0    0    0    -1    -1    -1    -1    -1    0    -1    -1    -1    -1    -1    -1    -1    -2  
*************************************************
STATEMENT  :  3    -1    0    0    1    -1    -1    -1    -2    -1    2    -1    -1    -1    -1    -1    -1    -1    -2  
*************************************************
DECLARATION  :  -2    -1    0    0    -2    -1    -1    -1    -2    -1    -2    -1    -1    -1    -1    -1    -1    -1    -2  
*************************************************
PRIMITIVE_TYPE  :  -2    -1    0    1    -1    -1    -1    -1    -1    -1    -1    -1    -1    -1    -1    -1    -1    -1    -1  
*************************************************
IF  :  -2    -1    -2    -2    0    -1    -1    -1    -2    -1    -2    -1    -1    -1    -1    -1    -1    -1    -2  
*************************************************
WHILE  :  -2    -1    -2    -2    -2    -1    -1    -1    -2    -1    0    -1    -1    -1    -1    -1    -1    -1    -2  
*************************************************
ASSIGNMENT  :  0    -1    -2    -2    -2    -1    -1    -1    -2    -1    -2    -1    -1    -1    -1    -1    -1    -1    -2  
*************************************************
EXPRESSION  :  0    -2    -1    -1    -1    0    -2    -1    -1    -1    -1    -1    -1    -1    -1    0    0    0    -1  
*************************************************
SIMPLE_EXPRESSION  :  0    -2    -1    -1    -1    0    -2    -1    -1    -1    -1    -1    -2    -1    -1    0    1    1    -1  
*************************************************
TERM  :  0    -2    -1    -1    -1    0    -2    -1    -1    -1    -1    -1    -2    -2    -1    0    -1    -1    -1  
*************************************************
FACTOR  :  0    -2    -1    -1    -1    2    -2    -1    -1    -1    -1    -1    -2    -2    -2    1    -1    -1    -1  
*************************************************
SIGN  :  -2    -1    -1    -1    -1    -2    -1    -1    -1    -1    -1    -1    -1    -1    -1    -2    0    1    -1  
*************************************************
EXPRESSION1  :  -1    0    -1    -1    -1    -1    0    -1    -1    -1    -1    -1    1    -1    -1    -1    -1    -1    -1  
*************************************************
STATEMENT_LIST1  :  0    -1    0    0    0    -1    -1    -1    -1    -1    0    -1    -1    -1    -1    -1    -1    -1    1  
*************************************************
SIMPLE_EXPRESSION1  :  -1    1    -1    -1    -1    -1    1    -1    -1    -1    -1    -1    1    0    -1    -1    -1    -1    -1  
*************************************************
TERM1  :  -1    1    -1    -1    -1    -1    1    -1    -1    -1    -1    -1    1    1    0    -1    -1    -1    -1  
*************************************************
